11 190 207 216
13 187 194 188
14 158 157 147
15 51 58 59
16 28 32 34
17 34 40 43
18 39 53 63
21 198 215 235
22 213 225 240
23 219 225 230
24 209 215 207
25 176 181 162
26 125 126 111
27 31 35 39
31 194 42 70
32 57 163 240
33 196 246 253
34 204 234 239
35 212 231 223
36 189 190 170
37 134 137 132
41 248 158 27
42 239 67 30
43 44 121 252
44 156 209 249
45 182 221 252
47 177 204 207
48 36 37 35
51 253 216 42
52 253 180 32
53 248 76 23
55 76 214 253
56 166 219 249
57 186 212 238
58 120 125 122
61 252 229 101
64 213 25 119
65 60 93 250
67 145 219 249
68 177 184 179
71 242 226 142
72 247 221 87
73 248 203 32
74 243 117 28
75 187 20 140
77 63 195 252
78 149 187 198
81 231 217 155
82 235 207 118
83 237 202 67
84 231 164 29
85 216 62 21
86 131 23 181
87 43 109 246
88 82 181 225
