194 42 70
190 207 216
192 198 191
160 162 150
49 56 58
28 32 34
34 40 43
213 225 240
219 225 230
210 217 209
176 181 162
125 126 111
28 32 34
39 53 63
31 35 39
57 163 240
196 246 253
204 234 239
204 224 224
189 190 170
131 135 130
248 158 27
239 67 30 
44 121 252
156 209 249
182 221 252
177 204 207
33 35 34
253 216 42
253 180 32
248 76 23
44 121 252
76 214 253
166 219 249
186 212 238
180 189 192
252 229 101
253 216 42
253 180 32
213 25 119
60 93 250
76 214 253
145 219 249
188 196 203
242 226 142
247 221 87
248 203 32
243 117 28
187 20 140
44 115 249
63 195 252
175 184 182
231 217 155
234 205 117
237 202 67
231 164 29
216 62 21
131 23 181
43 109 246
122 159 193
